3231
4183
3834
5554
892
7779
747
4449
3245
7352
3841
9116
3464
4258
2318
5922
2214
4265
4046
5472
874
9129
9843
8830
5355
2825
2238
2314
9064
7696
3735
540
5837
9182
710
9460
3986
3454
8361
1032
9662
5822
8671
9491
5810
8904
8368
2212
6374
592
3728
8897
6696
3772
6796
3011
5661
334
4555
6012
1356
7985
6523
3352
8585
7100
3419
5832
6057
6664
5311
4949
4870
4780
1910
8261
411
9304
2869
6226
3204
5789
3720
8455
3369
7716
5670
4950
8380
4684
4195
4928
4417
8804
4971
9441
5996
4774
771
4042
3140
2188
111
7137
3552
8265
3649
3576
7055
8934
786
8885
2813
5710
3911
3550
1224
139
7069
2261
6986
1508
8257
3608
6153
1668
36
8129
3946
2024
8566
4285
8146
2503
5545
1793
3314
8009
7168
471
8844
1398
9650
5375
9748
9042
5515
9636
7705
8229
9422
4219
9636
7784
7741
9245
2471
8841
3149
9382
9023
2923
4352
4561
1323
9551
4877
4127
1287
4245
1522
4955
7003
9093
4640
4705
9430
4887
2566
2913
2070
9704
3798
202
2023
8387
4544
5473
6720
1593
604
6381
9762
8232
9718
3518
9067
8304
3120
959
1160
6137
9912
8390
6083
9767
7552
9440
1349
8078
6041
5063
4967
2065
5681
3356
7838
9104
2263
8043
137
5059
5186
8870
364
7198
1489
5036
1805
1450
4768
3452
8159
2741
9137
5350
8610
1584
8957
7081
8389
9524
4434
9034
7704
5292
127
2569
5016
8262
117
6226
3133
3483
6286
1857
2561
1417
3788
3888
7381
2261
2216
2842
8332
378
6243
5126
388
4
2056
3650
4066
9825
4413
2753
1464
1033
7152
1306
6892
3584
5075
5569
9259
9615
3809
8289
6347
9867
704
3583
9877
7421
408
1027
514
8546
3110
457
9680
9142
1808
4925
2757
1698
1110
1407
6719
1185
5408
2124
1487
1408
7935
7416
6529
3730
7258
4705
7547
3011
3121
376
4111
6593
6801
3799
7622
9813
2157
6046
6323
1060
9177
6912
3122
6008
217
5146
5897
5319
5370
5682
5551
9364
8207
416
6205
4979
1920
5277
6944
6737
9774
3369
6779
2659
2341
2130
6975
9245
2847
7409
4092
25
5930
1849
6086
2753
8471
19
6149
6525
8096
5883
4568
7685
3428
7584
7998
2599
3988
8946
7657
7859
7954
1512
2305
7783
6521
8581
2886
9639
5943
1751
6761
5697
9271
1375
2600
4889
4529
269
8567
9878
4923
8565
6370
5220
9351
8388
3079
4310
7679
2508
8884
1157
155
2609
352
5215
1394
9593
4348
1444
4579
2222
6531
8844
6936
8118
2374
1892
6250
1026
966
9539
7054
1736
1053
2696
8314
4456
1676
1225
3711
9635
903
204
7384
1653
9553
6452
1546
5759
9317
4429
7913
8847
4450
9600
5546
6115
7157
5352
434
8942
6565
6132
9169
2663
3260
7377
9729
8607
592
9711
8602
9538
9319
8524
1043
4144
9534
1006
1281
1268
9143
3163
4405
8711
4829
946
4080
8229
4644
717
7725
6719
1826
1254
3665
1485
3854
7653
3331
2848
2850
3170
6057
6054
829
3743
1178
3377
7600
2008
440
3104
5422
5174
9351
9965
1293
1095
7661
5593
1807
5110
7912
4091
9439
8298
7012
6815
7846
9999
6768
339
1413
8275
363
1090
8876
7665
9489
4865
6462
5396
6494
4794
5861
4600
683
45
6220
7667
8593
5201
5148
2241
5543
5019
4509
9632
9213
9798
298
3338
7004
6432
9336
528
5069
3276
4992
7343
4004
6885
3124
7525
4742
2521
8580
6033
1142
4766
4646
6720
3101
8057
4450
4299
3184
5478
6286
2606
9861
9974
4027
1925
5897
3156
6633
7789
132
7224
4112
4917
6687
3675
4660
4595
7971
5269
6518
5327
2913
6501
4609
8659
99
9316
2041
460
2093
9049
3742
3475
2001
9852
8068
758
7450
7675
4805
862
4860
4713
533
8460
8694
78
530
4479
1231
3561
4078
6379
7121
4464
7675
6482
1749
1236
8494
4551
9743
2898
1115
2225
4333
9220
2962
5740
7277
7422
1807
707
9489
898
9926
2940
3340
8939
5546
9243
3476
753
500
5713
6806
9318
933
8999
1787
9321
1260
3755
2807
4084
9459
7091
8464
5635
8798
7346
1816
551
2862
6819
8341
703
7090
3428
8282
5863
1252
961
7341
3303
6379
5542
2510
3070
4634
4185
6065
9261
1883
1180
3604
5624
9921
7129
2641
9332
1307
9480
9239
7189
9687
2614
9731
961
1334
1790
9954
2796
4411
8977
3879
4942
9778
9545
9645
558
9706
5485
2809
3795
6286
9042
5542
606
8859
7849
8005
5684
3962
7742
5
420
6283
9062
8352
8490
8623
900
6418
3019
6604
5402
3686
6537
3325
6115
4032
1541
9850
8713
3954
4293
1059
5043
6997
8925
5371
5463
1436
2166
2217
9571
5529
2586
492
2329
257
4309
7540
1073
7875
5168
3358
9275
471
1489
4670
8298
3845
3332
4590
2936
9188
5898
4027
6339
6348
7675
1447
8726
9441
4355
1855
5679
3951
7568
2261
1990
4357
5826
6495
9490
1364
8170
4863
2592
4490
3302
3679
1697
1972
8048
457
7298
5528
5087
4995
6661
2584
2180
182
9610
4664
672
919
4193
4596
7277
8828
998
1480
4152
5857
2130
5832
1645
4
8689
6983
364
1034
3133
7936
8802
3267
38
6769
4031
5531
6084
9813
4508
8879
8912
1614
982
7391
5154
9728
976
2427
8554
9297
2178
9144
4146
7313
8773
759
1679
2908
3789
4262
6141
5816
4593
9574
6725
4362
3201
167
3408
8157
4414
9069
2758
3726
9711
6059
4486
4639
496
7211
6421
8110
5746
8288
3228
119
2237
8677
4401
6830
6232
6172
2586
5543
7399
8260
8731
672
2012
1128
470
625
4275
5732
9785
4971
212
3712
9534
4846
9209
5984
9727
3627
4667
7822
5792
315
1339
5171
619
8192
2255
8508
6699
9830
7388
5976
9628
4713
997
8308
4220
3209
1882
7157
9658
9665
3464
3938
7015
1899
5310
6128
2525
4281
7109
5291
5486
971
1964
6376
9149
9512
6123
